"x"
54.53
60.06
53.03
57.34
54.4
54
50.11
59.55
58.09
56
57.79
55.82
51.62
53.79
60.41
52.01
53.62
54.54
57.62
51.11
51.19
53.84
60.74
53.33
56.87
48.9
56.8
48.4
58.35
54.61
55.13
55.26
48.61
55.57
57.3
54.99
56.61
55.22
60.23
59.11
53.12
55.45
54.54
57.77
50.55
50.3
61.43
57
51.58
55.65
56.05
56.93
55.45
53.78
49.41
53.36
53.08
54.32
53.09
49.55
52.85
55.62
56.37
56.11
57.24
57.36
56.31
54.55
56.1
55.69
56.72
54.97
58.54
57.58
53.65
54.62
57.98
60.36
54.52
52.35
59.56
55.59
53.26
48.12
49.16
59.75
53.8
52.38
54.7
53.66
59.4
51.74
59.45
56.86
58.98
57.63
59.7
59.13
61.13
56.63
57.94
54.06
58.8
43.86
61.33
55.14
51.97
61.91
54.73
57.97
51.54
50.48
54.65
56.19
56.08
53.05
53.99
55.55
55.3
57.28
54.33
56.17
58.99
56.11
57.87
55.01
56.45
58.53
54
58.32
52.76
50.86
60.89
57.93
48.89
56.01
50.93
53.89
59.15
54.93
57.15
58.09
56.42
57.96
53.19
56.17
54.96
54.79
56.86
53.55
59.25
49.49
57.27
55.43
53.19
51.77
55.27
56.27
57.39
55.27
57.55
58.92
50.88
54.89
49.75
59.38
50.39
52.37
52.34
46.96
56.06
51.15
54.09
62.39
55.76
62.48
57.62
63.49
55.08
53.24
54.64
53.34
53.86
55.89
59.54
